This is multinomial with stopwords and numbers removed:
  132      0      0      3      0      0      2      1      2      1      4     20      0      8     15     40     11     18     20     42 
     2    122     22     12     13     52     10      2      4      2      8     48     13     16     31     11      6      5      7      3 
     1     38     91     38     21     53      9      5      1      0      2     53      6     23     27      5      3      4     14      0 
     2     24     63    141     30     17     18      5      1      1      0     13     29     10     17      2      6      2      8      3 
     1     44     29     35    129     20     12      7      0      0      9     19     24     21     22      0      1      7      4      1 
     2     69     24     19      4    157      5      2      0      0      2     36      5     16     29      5      5      5      7      3 
     1     21     13     29     29      8    137     16     12      8     10     13     23     19     24      4      5      8      9      1 
     2      5      3      1      4      2     15    151     50      2      5     14     22     21     41      8     14     14     20      2 
     4      3      4      2      0      5      1     48    204      2      6     11     12     17     19      6     17     14     20      3 
     3      7      1      0      0      4      0      5      6    184     56     17      2     24      7     11     12     19     37      2 
     2      5      0      4      0      2      9      4      7     52    191     12      3     15     20      7     12     27     25      2 
     5     15      4      6      2      9      2      2      2      1      6    173      6     17     41      9     48     25     18      5 
     0     19     11     20      8     16     14     18     15      0      3     42    125     24     41      5     12     13      6      1 
    12      6      3      1      0      4      1      5     10      1      5     35      9    155     18     32     27     26     38      8 
     9     16      0      2      2      5      4      6      3      1      4     28     17     32    190     15     18     20     20      2 
    55      2      0      0      0      1      5      3      0      0      3      8      2     12     11    177      9     31     32     47 
    13      0      0      1      0      0      3      5      4      0      1     25      0     13      9     18    164     22     57     29 
    17      2      0      0      0      0      5      0      0      1      2     27      0      3      6     38     23    165     74     13 
    15      3      1      0      1      1      8      0      2      3      4     16      1     12     11     17     48     35    112     20 
    37      0      1      0      1      2      3      1      2      0      4     12      0     11      7     44     22     10     28     66 

